303
3 9 39 57
45 9 89 59
93 4 136 59
141 1 188 59
195 4 239 58
248 3 293 57
301 0 348 56 
371 22 381 32
392 21 30 34
412 16 435 37
442 14 474 39
483 12 517 40
530 11 563 41
4 81 47 136
49 79 113 135
114 78 178 135
179 79 222 135
226 79 268 135
273 79 312 135
317 79 360 135
364 77 408 135
415 59 461 135
463 55 508 135
514 61 559 135
566 70 611 135
617 78 661 135
666 78 709 135
713 79 755 135
1 163 40 219
44 163 87 219
89 161 133 219
138  153 179 219
186 149 230 219
236 157 281 218
285 166 326 218
332 166 374 218
376 166 418 218
423 154 464 218 
470 148 511 218
517 141 556 218
566 158 608 218
613 153 658 218
664 161 708 218
713 161 756 218
760 162 802 218
5 233 51 292
55 230 99 292
107 231 148 292
161 229 210 292
219 231 259 292
266 237 308 292
3 335 52 389
52 324 106 389
113 312 161 389
169 317 254 389
258 333 312 389
9 418 54 474
64 411 105 474
109 410 180 474
191 413 241 474
247 416 296 473
297 422 353 473
361 399 438 472
450 384 507 473
518 399 570 473
582 403 636 473
642 413  698 473
702 416 751 473
9 494 51 550
57 488 105 550
109 489 161 550
203 498 247 550
255 507 307 550
313 517 370 550
376 514 432 552
7 569 47 616
56 565 96 616
105 569 158 620
162 576 247 616
254 577 314 617
7 638 57 674
62 640 110 674
113 638 187 674
191 637 286 674
296 638 383 674
390 638 464 674
473 640 521 674
8 703 52 748
64 681 112 760
122 684 183 744
197 696 258 741
2711 694 335 745
348 690 409 746
417 686 473 747
73 826 128 891
135 827 192 891
201 822 258 894
267 818 321 895
334 827 375 896
388 816 426 898
446 806 483 902
502 808 540 904
562 810 599 906
489 678 542 767
558 717 620 764
334 827 375 896
388 816 426 898
446 806 483 902
502 808 540 904
562 810 599 906
489 678 542 767
13 899 70 985
85 909 142 976
143 940 213 980
213 947 280 979
286 948 357 981
364 946 443 983
449 933 538 983
547 926 635 984
642 923 741 987
746 923 845 987
851 924 956 987
966 926 1071 979
17 1003 69 1061
75 1005 121 1060
130 1006 172 1062
183 1006 138 1062
251 1010 294 1065
111 1075 66 1132
73 1073 126 1128
138 1065 188 1134
197 1076 252 1135
264 1068 350 1131
359 1085 421 1143
10 1152 62 1209
74 1160 114 1195
133 1158 171 1195
188 1158 229 1201
250 1163 291 1197
304 1156 344 1197
360 1159 402 1197
415 1154 461 1199
10 1225 55 1272
68 1222 110 1273
120 1222 160 1273
170 1215 210 1273
220 1215 270 1273
280 1219 325 1273
334 1215 376 1273
386 1220 426 1273
440 1219 475 1273
487 1215 538 1273
546 1214 603 1273
610 1219 663 1274
680 1217 723 1275
11 1293 68 1350
83 1294 127 1350
134 1284 185 1350
200 1283 246 1348
256 1285 298 1349
309 1306 364 1352
376 1308 428 1352
437 1300 483 1352
498 1294 549 1346
9 1360 41 1449
51 1359 82 1451
92 1372 123 1449
131 1375 176 1440
184 1361 218 1440
229 1356 261 1445
272 1365 303 1447
312 1375 347 1441
354 1375 399 1440
404 1360 435 1444
8 1465 51 1546
55 146 112 1542
118 1468 173 1548
189 1468 236 1551
256 1466 295 1552
309 1466 355 1552
364 1469 417 1549
428 1471 488 1554
515 1469 565 1553
584 1471 621 1552
5 1562 57 1653
63 1562 113 1652
121 1562 165 1653
179 1561 222 1651
234 1560 275 1651
11 1664 51 1754
63 1664 107 1754
123 1663 177 1754
190 1662 224 1754
234 1662 294 1754
13 1767 64 1857
79 1767 134 1859
144 1758 208 1863
220 1771 301 1864
325 1771 383 1863
398 1773 476 1865
497 1773 548 1863
8 1868 44 1944
63 1871 92 1951
98 1872 137 1946
142 1872 193 1939
202 1873 264 1930
279 1874 341 1918
352 1867 407 1924
420 1869 470 1939
480 1864 528 1942
5 1957 64 2006
73 1959 141 2006
155 1959 228 2007
235 1960 315 2007
325 1962 400 2009
414 1963 483 2010
493 1963 571 2010
583 1964 667 2011
679 1966 757 2013
8 2027 65 2092
80 2031 133 2097
148 2033 196 2096
209 2036 262 2098
270 2039 329 2096
339 2040 401 2102
414 2032 475 2104
486 2032 544 2105
7 2109 62 2150
66 2108 121 2150
127 2108 182 2150
188 2109 243 2150
331 2105 389 2150
257 2124 323 2149
7 2165 522 2214
56 2159 1142214
120 2160 183 2213
187 2161 270 2212 
280 2159 344 2212
349 2159 411 2211
0 2232 82 2283
85 2229 149 2283
158 2222 259 2283
262 2229 304 2282
310 2228 353 2282
359 2228 397 2282
405 2228 444 2282
452 2230 494 2282
503 2225 550 2284
558 2226 602  2282
612 2230 654 2283
659 2230 702 2284
0 2333 40 2387
47 2327 87 2387
95 2329 141 2387
146 2331 210 1387
221 2334 285 2388
294 2308 373 2394
381 2307 461 2395
474 2307 552 2395
565 2309 636 2395
652 2311 721 2395
732 2319 801  2396
809 2321 878  2398
886 2321 955 2398
968 2323 1037 2400
1047 2323 1116 2400
0 2470 67 2542
75 2473  136 2542
141 2506 164 2542
171  2501 197 2542
203 2493 231 2542
241 2481 271 2542
276 2472 317 2542
331 2458 371 2542
380 2458 425 2545
440 2452 496 2542
508 2439 554 2542
561 2424 614 2542
621 2405 669 2542
680 2398 723 2542
1 2563 48 2628
58 2564 110 2626
121 2564 159 2624
164 2563 207 2627
213 2565 252 2628
261 2562 301 2628
308 2563 359 2625
370 2562 410 2626
7 2652 61 2685
66 2651 119 2684
126 2652 180 2684
187 2651 241 2684
249 2651 303 2684
331 2641 381 2704
386 2642 436 2705
439 1643 487 2706
491 2644 539 2707
546 2646 594 2708
601 2648 646 2709
652 2651 704 2710
713 1651 765 2711
771 2653 823 2713
828 2654 881 2713