41
2 255 49 307
55 253 107 307
111 252 167 307
173 253 224 307
230 255 279 307
284 254 326 307
334 251 378 307
382 253 429 307
5 317 49 370
56 316 93 370
98 317 152 370
157 317 215 370
221 317 270 370
278 317 322 370
6 378 61 430
65 386 132 430
140 388 210 430
216 387 291 430
297 2285 385 430
395 384 490 430
6 447 49 507
61 434 104 507
116 441 168 507
178 451 292 507
300 434 391 507
6 538 60 586
71 515 134 586
138 529 203 586
210 520 281 586
290 522 364 586
382 530 448 586
10 598 51 652
59 592 102 652
106 593 147 652
154 594 192 652
198 599 239 652
253 593 296 652
299 594 341 652
345 594 388 652
393 601 438 652